m1 = 2500;
m2 = 250;
k1 = 80000;
k2 = 500000;
b1 = 350;
b2 = 10000;
r2 = randi(100,10,1);