M1 = 2500;
M2 = 250;
k1 = 80000;
k2 = 500000;
b1 = 350;
b2 = 10000;